$ANSIBLE_VAULT;1.1;AES256
38666637663931326531383536373235373662633133363939336138386264346363616263663965
3065383761646565373230376434396262613633346361620a643564633531363437626232316566
65306462653362653739613237303263306435613032616565396263366436646164393265376137
3539383262623965610a376135336434373130643933306539656234386436666561646331306139
37366561303362663630616130316162636533646632623965366333613233666363336138626137
66656638636537383137323039383430366466633361656266613461636562643333663133333732
64383030316165313032346461373061393036356632653738313238363466613035376532643839
62663262373336346235373062613035393962333162353730343632613839636533363338353334
61663732323037363564633638643239303766636337643963643830633738396234343133663164
65366665626131363234323161326362636432613465376135396539323165373230373438326464
61306133663239623532623837646136616437353037373032633661323164333564636534303933
30363564306164626166336463303138383966633236653736616461333236353035656661626237
64366536613261323864663938343832303636616362313638313232643435633764643435616238
33383763646334643232616662343062666439356463653232326163326666666663393866313835
37613532646237643537663535643363383232633231613364623234313461393734393064636430
38613365386439656236336166633966366266623161666565633630356130303130333538626665
34303330323065373763336530323233336264353235383461376239633736626561373038636235
30616566386632366466346263613131303265333133666563353130343564316365656135336462
36363361326462356564336634366235613736306562306231653432306439326539336466306231
30303762373864623431363065343965623031376632326664343539623136376564386431346666
37346463326139626664396661313131626663313133623530336433326336356664613464333762
35663039363265653630343833663361396266383439353162343262313635353234643539633932
64653963626531373832366636323533383563643331363964343335633762343966626239636433
63353333306539373064616232633538613561376535386636373863633339663739643861373430
30383663363563383839363838303239333736636165653639356563623539383730366232656134
37393862646231323434326434326235666363343961626533633637613630613330303036663830
62613633306361343564333933393631663234653261393661663233363334366235353064613262
35333037663039323665646665336464653330636639303664353436623738333838383837366232
39646239376264636436313161616162613564323832313633653266613531323336626637363734
36643532323066646539643231653631393163393433323633306535383261323330366533333461
36383030636365646633663034306266363465616137373033656466663766343137383730363461
65363161353330626135353463353736313830613265393235393864353162353666346662633632
65333263333431653763383937663562386531656535346530623963393366633962616130326130
31626230303135303163386565633739343030323534633831646464396537383138396137623532
65303635633839643933396637376233376535623136656332313836373730633138333661376261
34376663366236353735633764666232326161616433323633396436313163363837323930333838
35353831313738303937636662653930646638383662666162396533333732623737343262656237
32653233633562323232376562313936663163333931623762363136363962643033373135306464
31353663396664363965363463613365393835646532616663313665366333613430616265376237
38656634646534616338386631353336656162353134393764656637386438363930613230396633
32373033323835633061643530663561393736626331666633393832356539656335393066333631
63613263623330313339326534396265643037636135666131326439356332346332646262353861
30363334626263316337313565333639306339343861633664323439633663613338373836386330
39636233633730323464313932613139623837333238646364333135333337393265343937313932
64376537656261373362313636666365616665356631383838306661316238313437646237303432
62666135623536663735363236663232336430646664633765626365333064363866366136626266
37656562313538613138313134326238623637646166663962323438303564343331343339303138
37616635336335633935376537326266666235643637633263656565616266313061393537633162
35363631316136646238636262656263356364356438646430386335333937363438353565313464
61383864313866643033356164396437373066393732326530636230653561353633623232643238
30383938313662616136376337313262633365613936643965353961306134363839616238333465
63373865643232636333653239323637393866326266383065343334623864383335353837663165
64656165383366613064613735623034333666386532653639363562666538343561636533336239
65353331626135313463313537613033326139643537636161306666363865346463346162323538
32356337623839326362356232323630346563353939313737336132623732386263306332323963
31633739633062663732333539303336346532363438393139346535386665643132633265323632
33656564343564306238373563653963646433633237343137653666623662356365396434313632
37643438343163343261393166313865646430316561306136336662623330376664303734383165
38363337386134656636383537656261376232366163633532346435613036613236663235623137
39373136326333633237343230633366313232316139313761343938303433383063303535666434
38643263386435393638323961646230363536663735633136363631663063623038313132383238
36303636636164313636653061353166333737656337633236363966376263613965633934646431
31313233346236396163356163663165383035363263666661616432613536333233323539613737
65313061653638323561396335346335663863343936376538656165376165666231363662383832
33326365363836323135336161353366356434323638306665306236313038656236316232346536
38663837663962633761326431633039616233383036633330646632396263653064363939336630
65313833663333393535393537623764313735366265386531663835613532363138363138643761
30656133663264323931373166393431343961363764643562323863666365383965316238343331
36346136336131343864646537656137386262373037623462383637363436303763663930376565
38313664633566343030656431346532653661336665646135663766626236363432633566313361
31626539353133343332326436626466366539616637313933356164393530316537613937666261
61303061396234626163363134393635633838666130643531663939653434636431303339393865
65636134643039393434383762633831343563653737613932666561346130303762366163653237
37373736313163313462343234626537653637306564653566376634613163393562623834613336
62383466316534613039383234363234383136303338653238393330383935323130333637623536
30313536383130353736633431353366633164613661313865623933336261663362653938343663
61663538643739323764323730383530373331373334613237633033356132656539323535393732
66616366396130363466353238643035656532653737373934656263393739346463656633313465
65303430343665393338396362323063343362663863323637353138356139336566346666626639
64356564303434666231643838646437383561363034326133343739663434656330646630363336
30346134323931636363623866356337323834636232363630353831303232376438323834323066
63353861383162623934663765666635316666383536356139666233306534393933343534386236
35393339643566336464616239643135643432346139353831646337323138313130653336613731
32653936623237393164643966383738306336313661333163346439656230636635353161343965
31663230373865306563363037656466313439363337616137303336363233303933313861616436
64653938316565306166393134363738643065323334616339666235613737666664393161306330
34636566656665333131393833333534353234303466393265326362666463386161313935643161
31323964663434353437383334643361623930396133343936383138656138373734643234373737
37646631353666626539396237633132323137373735633139666465313761386334353265666662
65303536373861336138653966656133343136323937323665396435613834336535343539323438
62323765663865316333316261363533353938373365353630373562363036623161313639643663
65376464356461313734353530376363363563613863336434613332646235666636313061623736
32376562373034383830663839666139663564326363653630623161383239343163383861343562
62353436653964653134323863323563383565663833323564313735613064353964613139643134
39616563666431666338326436326536323364323632643732623536366666316334346336363865
33613266653732623262373962623533333265393730396164356464396232373361643963356531
32616236663663616131373230336462613332653934343539373539663161353433313538353938
38343531613835343661346638376233313032636136653233343261363530316639636465643139
38353832383665626464383136366230363161306365376637303138303833393266356565366237
38383733346634343934666165346430333134643765613764393965316565616661336365303939
63336434383139666530643264613239316138653264303864633037343034316562396130343762
34633337323837653766336563386561616530313262346462663663613466626262373633646366
39323530376533646131303731336534323563613062333565383563623130386663313835636230
63613138326566303665373531333335393364323661336462396332353537613864356363366439
61333531383138396531613038323432316663333064383031653738323134653662376532353731
64343736383266363739366632653531323139643862653530376631353833303835613532643332
32393036316236623435326233333931633633393064376461396332313832646236323536376661
63613631653837633764376165626561656533376431616439376532623666656261613837353437
61646631646261376139333438303564363466336437626165386265656661613262663433643039
31356139326565356434373161363238636635363236316462646537333334633061386239666337
30396138636261623862316237393337366461643938623366353336313635363332363339343663
31616461626561306265653637323531636266653430373063636337643038616231383161363236
32343361316361613139363531643961373732626637356463336662623862323266663831663633
64353238643036323164303233613065396264663363326161623764653930663266376532336465
34376539333436666131636432656462653865316133663565653830623564333432623738383963
37633766636463313162373633336265336232613766333535636330316132616163353632353161
61633731313435643865656539343235616161336335393966316362343034323834653939626662
30663066396332656238666665613431663238643838313639353230376230326231326432346466
39343735343364393732343839623165313564356235306631656635663830636165353734313763
61366334343661336631323063323564393665353430633762616165353532316339646137346330
37333833396237663737366531343634623434363539643730333131626365373333353539303137
30336635653362363539653535653134616638363266306462336634343033653166333461376261
65666632656361313532386437663065333535363933623037353361343535623538613133656366
31356562653539366564396131383366333331323961323436313631613438636434616462393964
38346336326336363763653536643231373438613962333438373761646230313564366466663435
39333836393931656336623732626531383633326263313436343163373539396238626637643865
34373730336430623037333731333935396130393063613239663733333463653638313432353564
65613264636533663963613931306465306463623233656533313166623639333734633964653830
36653830396538626630653138653531336638323037396131643762623930616363643766363562
34613164373464376537316330623462356465366165646266326538366265333732323034663165
31666130313035323034363465356264623736663339303235363839303261616632336337633366
33333163343537626535383633383839363664323462383165666666306338633765373737376538
32663638396530383566336566313936663839306436316638303831666133383963613734613332
61303962356266353133313664333432363162376231363737356165663363643731623735613937
626365623132343765356263626632633733
